2 0.480768 0.792799 0.532078 0.287707
2 0.76345 0.230519 0.288139 0.0768526
2 0.135551 0.647199 0.267639 0.212215
2 0.860535 0.641334 0.277221 0.224463
2 0.791874 0.319601 0.314142 0.0987589
2 0.486661 0.375509 0.369189 0.126261
2 0.834748 0.452384 0.330503 0.144939
2 0.22584 0.225849 0.291581 0.0833475
2 0.495496 0.270753 0.293266 0.0843228
2 0.189321 0.320918 0.338887 0.100797
2 0.163026 0.456942 0.326052 0.144234
2 0.496431 0.535832 0.429699 0.177889
2 0.737683 0.159695 0.242731 0.0599952
2 0.248757 0.161197 0.267144 0.0619802
2 0.494364 0.131398 0.241702 0.0574727
2 0.503299 0.191164 0.261079 0.0639454
9 0.495165 0.509772 0.990331 0.971259
2 0.692865 0.0627266 0.219184 0.0475623
2 0.70742 0.106694 0.222081 0.0504264
2 0.730535 0.138781 0.260053 0.105528
2 0.296568 0.0902219 0.223681 0.0846879
2 0.495421 0.117546 0.241779 0.0873763
2 0.502015 0.0444545 0.208765 0.0457102
2 0.302472 0.0648588 0.210499 0.0492175
