0 0.116397 0.310316 0.110828 0.200008
0 0.280675 0.555091 0.116749 0.23613
4 0.834034 0.835678 0.237652 0.278188
4 0.384755 0.314328 0.134692 0.120065
4 0.639271 0.780194 0.160238 0.198674
4 0.540398 0.361644 0.186199 0.196307
4 0.7082 0.232482 0.0991149 0.106524
3 0.920503 0.85443 0.158993 0.148193
4 0.682896 0.329318 0.131106 0.11796
4 0.257356 0.35359 0.140608 0.120181
4 0.801645 0.308313 0.1327 0.101993
4 0.35759 0.446027 0.149953 0.135619
4 0.46582 0.636359 0.339826 0.396859
3 0.90533 0.57941 0.0886493 0.15197
4 0.462732 0.2254 0.137528 0.112646
4 0.856315 0.414542 0.145111 0.12832
4 0.922371 0.300582 0.0903114 0.115425
