4 0.364687 0.777701 0.236136 0.144113
4 0.352372 0.882983 0.254841 0.139172
4 0.576567 0.884989 0.234906 0.1447
4 0.354256 0.578827 0.185402 0.109672
4 0.576455 0.772077 0.214689 0.146148
4 0.525261 0.666037 0.189843 0.122934
4 0.337968 0.661538 0.207852 0.120608
4 0.182921 0.560164 0.165994 0.100328
4 0.16581 0.744978 0.214775 0.135682
4 0.157164 0.647038 0.174972 0.106928
4 0.133151 0.869511 0.239719 0.148929
4 0.376424 0.502907 0.165948 0.0888805
4 0.229233 0.488592 0.142856 0.0904935
4 0.0378278 0.616754 0.075336 0.105494
4 0.0537656 0.538562 0.107201 0.10722
4 0.0797488 0.476766 0.157876 0.0978226
4 0.508486 0.571145 0.15168 0.0906999
4 0.0339624 0.71825 0.0678023 0.130488
