4 0.310623 0.379619 0.211312 0.24181
0 0.393712 0.159344 0.132645 0.318688
4 0.0772149 0.206769 0.118879 0.141016
0 0.704212 0.140595 0.154691 0.28119
4 0.167308 0.250219 0.119115 0.134499
4 0.520865 0.555785 0.286278 0.257793
4 0.584019 0.0972889 0.136684 0.192346
0 0.163315 0.101197 0.155404 0.202394
2 0.0661599 0.318499 0.13232 0.113231
4 0.497376 0.0691115 0.0825896 0.127677
4 0.0713877 0.0802405 0.136197 0.150826
0 0.28728 0.0559652 0.0898186 0.111166
4 0.565805 0.328932 0.243887 0.252265
4 0.706561 0.397957 0.100616 0.12134
