3 0.63577 0.58289 0.125464 0.163911
4 0.783218 0.177765 0.237126 0.315467
3 0.31381 0.679913 0.0837894 0.179355
4 0.745573 0.508119 0.14672 0.194777
4 0.550639 0.616581 0.10874 0.147298
4 0.2883 0.187687 0.17581 0.233481
4 0.433543 0.714581 0.0852729 0.112264
4 0.348747 0.481044 0.188494 0.245374
4 0.166318 0.327582 0.108763 0.118255
4 0.927189 0.381005 0.144657 0.340002
4 0.93422 0.734207 0.0863534 0.119565
4 0.143567 0.50703 0.119294 0.160313
4 0.478611 0.276268 0.161185 0.198975
4 0.645377 0.39563 0.0857846 0.113013
1 0.0921777 0.826173 0.177002 0.0779282
8 0.497126 0.441275 0.0497097 0.0629947
8 0.870276 0.587234 0.0471939 0.0611451
