4 0.926127 0.83543 0.146458 0.161414
4 0.737008 0.603892 0.136415 0.0995678
4 0.479465 0.656333 0.139321 0.103587
4 0.343095 0.632497 0.147171 0.111779
4 0.616745 0.64795 0.150371 0.112554
4 0.873791 0.410967 0.128355 0.0910856
4 0.206614 0.627139 0.143532 0.101163
4 0.793883 0.898236 0.164693 0.134892
4 0.199508 0.720444 0.126112 0.0935719
4 0.277498 0.339942 0.130559 0.0891461
4 0.508308 0.452382 0.416314 0.300915
0 0.186926 0.0644823 0.128828 0.128947
0 0.805384 0.147081 0.130322 0.134033
4 0.0746344 0.447022 0.131213 0.0919453
4 0.600287 0.803179 0.123362 0.101517
