4 0.232207 0.250895 0.135242 0.140835
0 0.489101 0.899757 0.133248 0.197318
4 0.401003 0.573762 0.159395 0.204749
3 0.658545 0.208094 0.0414073 0.112762
4 0.668917 0.331246 0.230521 0.215762
0 0.964785 0.404711 0.0704306 0.166076
4 0.718439 0.783891 0.407639 0.431237
4 0.0990741 0.191243 0.195681 0.159063
4 0.870635 0.519818 0.258731 0.279565
4 0.40929 0.220007 0.197757 0.158192
3 0.544847 0.616928 0.0969343 0.226918
4 0.244946 0.831377 0.373214 0.335979
0 0.875728 0.221806 0.154701 0.220172
4 0.934367 0.846607 0.131265 0.306608
3 0.26349 0.825734 0.134125 0.347561
2 0.261809 0.828285 0.12921 0.340327
