4 0.566914 0.270519 0.0575847 0.0777633
4 0.640917 0.710914 0.0553058 0.0867538
4 0.506849 0.594033 0.0624713 0.0944827
4 0.390853 0.572832 0.061628 0.066878
4 0.182824 0.451621 0.0908672 0.115976
4 0.412939 0.376299 0.0753982 0.0943954
4 0.443294 0.623798 0.0713295 0.100179
4 0.466133 0.539986 0.0617716 0.0667458
4 0.672922 0.285254 0.0581647 0.0753638
4 0.686664 0.688286 0.0537321 0.0831189
4 0.800686 0.0495128 0.0620927 0.0698903
4 0.391463 0.0992043 0.0816971 0.086694
4 0.485349 0.0989712 0.0710741 0.0721091
4 0.116186 0.783838 0.0990278 0.127455
4 0.370863 0.346253 0.0798212 0.0966781
4 0.260237 0.37841 0.0817542 0.0770693
4 0.260041 0.362016 0.0869531 0.110985
