4 0.53142 0.112156 0.206149 0.0928263
4 0.403248 0.328042 0.277855 0.123594
4 0.382603 0.0674865 0.186579 0.0800887
4 0.529048 0.131602 0.201568 0.131018
0 0.201455 0.110866 0.193516 0.111322
0 0.075178 0.0786912 0.150292 0.121876
4 0.558405 0.0394819 0.181487 0.070668
0 0.0539834 0.203911 0.106982 0.143066
4 0.454977 0.229161 0.198445 0.102873
4 0.240262 0.0309883 0.181125 0.0619766
4 0.653306 0.270197 0.266276 0.157787
4 0.202447 0.110714 0.193963 0.110811
4 0.87031 0.19375 0.219274 0.111299
4 0.347777 0.170017 0.204646 0.137958
4 0.374191 0.491585 0.36256 0.244172
