3 0.632856 0.78536 0.483379 0.408052
3 0.909214 0.735677 0.179623 0.453031
3 0.848277 0.48912 0.302163 0.285616
3 0.368078 0.416858 0.287312 0.311616
3 0.546886 0.551387 0.361008 0.32684
3 0.637882 0.332454 0.27858 0.238127
3 0.154998 0.598186 0.309904 0.313529
3 0.921908 0.110568 0.156047 0.215534
3 0.886637 0.289254 0.226726 0.168507
3 0.749585 0.213944 0.234389 0.172373
3 0.199281 0.824322 0.397432 0.332953
4 0.199285 0.826136 0.398409 0.327291
3 0.11719 0.404353 0.23438 0.174997
3 0.314151 0.25371 0.246994 0.208349
3 0.658709 0.129728 0.227782 0.151812
3 0.454918 0.135245 0.194354 0.123346
