3 0.692841 0.409576 0.142345 0.175596
3 0.449661 0.794736 0.183298 0.225317
3 0.577935 0.583438 0.150402 0.195327
3 0.622215 0.788516 0.161967 0.213616
3 0.723703 0.589086 0.154194 0.180954
3 0.76773 0.7867 0.155498 0.229822
3 0.28056 0.417049 0.132655 0.184735
3 0.420032 0.416328 0.134886 0.180703
9 0.481184 0.497399 0.962368 0.984875
3 0.432965 0.583093 0.156884 0.173686
6 0.512445 0.186033 0.115427 0.146477
3 0.265988 0.799002 0.175089 0.210451
3 0.279309 0.59604 0.15315 0.173044
3 0.551199 0.411663 0.126718 0.167317
6 0.766695 0.195194 0.113109 0.141636
