3 0.900572 0.42331 0.198856 0.179912
3 0.378969 0.206899 0.24693 0.217437
3 0.121263 0.516843 0.242324 0.222821
3 0.587855 0.0569105 0.250788 0.112905
3 0.867104 0.653427 0.265792 0.216956
3 0.599431 0.911939 0.239933 0.175475
3 0.865072 0.0570946 0.269856 0.113674
3 0.335206 0.659542 0.250579 0.23592
3 0.600733 0.66847 0.276603 0.210537
3 0.127448 0.28548 0.254896 0.219204
3 0.251827 0.0510867 0.265359 0.101014
3 0.625203 0.222362 0.226703 0.193539
3 0.378768 0.434949 0.270124 0.213089
3 0.66784 0.44245 0.268152 0.200664
3 0.289007 0.886878 0.282087 0.206918
3 0.100502 0.750141 0.201005 0.247796
3 0.872876 0.89888 0.251313 0.20224
3 0.878354 0.225019 0.24223 0.219741
