4 0.748877 0.561289 0.193064 0.229591
0 0.109939 0.859174 0.219877 0.259371
4 0.385527 0.836562 0.24635 0.30917
4 0.151545 0.495059 0.180396 0.13882
4 0.339672 0.62303 0.2 0.203658
4 0.61921 0.776499 0.234187 0.306055
4 0.544598 0.58498 0.19141 0.222821
4 0.857196 0.735155 0.24486 0.301255
0 0.91654 0.524053 0.16599 0.213966
0 0.502139 0.346302 0.153328 0.113708
0 0.507525 0.437342 0.162444 0.128873
0 0.187464 0.398096 0.153385 0.137775
4 0.857418 0.401903 0.172601 0.163498
4 0.109872 0.860368 0.219744 0.258146
0 0.85762 0.40112 0.17728 0.161894
0 0.633248 0.34745 0.137894 0.168581
4 0.135266 0.659226 0.213237 0.21798
0 0.834111 0.215536 0.134097 0.0993055
0 0.968929 0.661645 0.0613245 0.259168
4 0.696485 0.422004 0.16642 0.169192
4 0.774513 0.31002 0.146303 0.122557
0 0.471969 0.278922 0.130729 0.104589
0 0.344724 0.459217 0.164764 0.146799
0 0.696574 0.42555 0.164708 0.175192
4 0.344841 0.459048 0.165161 0.144485
0 0.774862 0.312225 0.145007 0.125591
0 0.715116 0.234185 0.119804 0.0988782
0 0.905331 0.280312 0.150623 0.112116
0 0.182489 0.318037 0.144417 0.0995816
4 0.904377 0.281224 0.151279 0.111096
0 0.342061 0.3639 0.156119 0.110511
