1 0.863979 0.489246 0.0724544 0.327454
1 0.345024 0.500128 0.0612816 0.300024
1 0.802818 0.491464 0.0583172 0.323573
1 0.659848 0.503236 0.0658863 0.289842
1 0.751174 0.500478 0.069418 0.299355
1 0.934239 0.488798 0.0703393 0.325486
1 0.403532 0.50912 0.0599793 0.282231
1 0.596971 0.492011 0.0652371 0.312023
1 0.0724217 0.509079 0.0597252 0.282663
1 0.508256 0.503784 0.0617315 0.294188
1 0.289598 0.537052 0.0568073 0.225044
1 0.200632 0.499521 0.0645086 0.298846
2 0.49923 0.83097 0.995496 0.309455
1 0.125005 0.509511 0.0509706 0.276894
1 0.0219094 0.507534 0.0438187 0.276217
1 0.238929 0.499142 0.0456912 0.294567
1 0.461157 0.489201 0.0553889 0.327101
1 0.711854 0.489508 0.0469912 0.312711
1 0.983159 0.49552 0.0331059 0.323498
1 0.543296 0.499487 0.0458401 0.30193
1 0.165276 0.501521 0.0395203 0.284052
