3 0.223799 0.522427 0.241413 0.346757
3 0.443367 0.791222 0.20359 0.336926
3 0.100217 0.187633 0.200434 0.333021
3 0.513476 0.385936 0.22674 0.335013
3 0.366371 0.099231 0.229584 0.198462
3 0.734485 0.620819 0.236112 0.334411
3 0.0521819 0.715885 0.10421 0.338339
3 0.733962 0.923225 0.218714 0.147078
3 0.95016 0.717765 0.0990868 0.325774
3 0.929417 0.272966 0.140465 0.339786
3 0.707358 0.133619 0.0920345 0.265557
3 0.236699 0.858424 0.146766 0.18628
3 0.615128 0.0840195 0.112486 0.168039
3 0.800841 0.226131 0.120839 0.294925
3 0.232886 0.947094 0.128283 0.103137
