4 0.883961 0.520067 0.178868 0.266863
4 0.470393 0.264257 0.127011 0.129032
4 0.437709 0.420551 0.131842 0.193562
4 0.297268 0.381631 0.121582 0.18254
4 0.149959 0.410658 0.152021 0.224546
4 0.522118 0.77194 0.181914 0.327401
0 0.568398 0.0759823 0.0502009 0.0899832
4 0.591396 0.391419 0.166072 0.325092
8 0.655717 0.70415 0.0781062 0.1115
4 0.344034 0.258184 0.0995897 0.174232
0 0.370866 0.795943 0.136506 0.371182
4 0.471749 0.530532 0.131228 0.211213
7 0.84193 0.69614 0.0785671 0.141484
0 0.740295 0.177398 0.0735397 0.171086
4 0.814535 0.334343 0.144669 0.206116
8 0.672413 0.817424 0.0897507 0.134165
4 0.440079 0.181512 0.104531 0.0875799
7 0.851468 0.731455 0.106623 0.210132
0 0.0402882 0.300623 0.0794315 0.23752
