4 0.414724 0.637496 0.207168 0.197965
4 0.133293 0.684996 0.226905 0.156208
4 0.565221 0.582336 0.0851971 0.106544
4 0.186407 0.361657 0.152556 0.140928
4 0.178133 0.53924 0.201594 0.153741
4 0.302609 0.730079 0.113845 0.129281
4 0.300823 0.43883 0.16678 0.125338
4 0.494734 0.480424 0.18175 0.197827
4 0.900296 0.668155 0.131789 0.14318
9 0.499102 0.497526 0.998181 0.955223
4 0.0319328 0.639329 0.0638657 0.140614
4 0.380386 0.323166 0.0802271 0.0857178
4 0.494772 0.448977 0.178839 0.134249
4 0.493926 0.431511 0.0793541 0.0935078
