4 0.627387 0.693165 0.349866 0.162535
0 0.699051 0.0759316 0.135191 0.151506
4 0.80798 0.471641 0.261958 0.143924
4 0.415697 0.404661 0.255482 0.119184
4 0.650212 0.531562 0.275648 0.150408
0 0.181271 0.109361 0.151967 0.18198
4 0.5871 0.381957 0.261246 0.161913
4 0.24483 0.816953 0.391257 0.315764
4 0.871958 0.713259 0.190791 0.131779
4 0.182041 0.388482 0.236459 0.134021
9 0.650489 0.540515 0.124149 0.093145
4 0.751401 0.330932 0.203083 0.153185
4 0.586647 0.358721 0.259264 0.113819
2 0.777789 0.229382 0.210133 0.11626
4 0.18228 0.550655 0.36456 0.20687
3 0.669551 0.913754 0.0922245 0.170447
