0 0.461241 0.629734 0.10677 0.157374
0 0.723182 0.279924 0.0650208 0.107714
0 0.669677 0.242715 0.0553676 0.104204
0 0.550874 0.513833 0.0746431 0.135128
2 0.440933 0.789991 0.114772 0.214236
1 0.594694 0.709213 0.177399 0.131464
1 0.522214 0.768604 0.0788063 0.164292
2 0.463409 0.792637 0.157503 0.21893
7 0.171978 0.599666 0.204519 0.208522
7 0.337777 0.785174 0.0936223 0.166116
0 0.651949 0.348985 0.0697952 0.113331
0 0.040002 0.748818 0.0797284 0.213418
7 0.269101 0.796537 0.0935776 0.181103
0 0.573607 0.391194 0.0656217 0.104753
1 0.730024 0.697822 0.124386 0.13837
