0 0.404903 0.51476 0.0899245 0.148067
0 0.515892 0.287792 0.0552695 0.0908166
4 0.366449 0.611467 0.0824585 0.0965601
4 0.27039 0.496926 0.0684335 0.0683987
4 0.363725 0.286517 0.0480761 0.0470979
0 0.305759 0.734101 0.103812 0.128823
4 0.305643 0.734623 0.103649 0.127506
4 0.392038 0.314965 0.0480628 0.0524382
4 0.239742 0.392398 0.126468 0.137039
1 0.031242 0.700669 0.0619662 0.0394732
4 0.467998 0.332133 0.04947 0.0341178
4 0.304647 0.421005 0.0457031 0.057007
0 0.614663 0.475046 0.0695764 0.134081
4 0.255641 0.432608 0.061638 0.061065
