4 0.370428 0.169585 0.202203 0.200072
4 0.317813 0.769778 0.312701 0.421266
4 0.622664 0.750554 0.302249 0.434019
4 0.791129 0.231105 0.194237 0.165583
4 0.508512 0.268323 0.197101 0.185189
4 0.906898 0.390723 0.186204 0.20847
4 0.867763 0.664448 0.264473 0.417467
4 0.309896 0.355208 0.203748 0.208957
4 0.146065 0.571086 0.276763 0.325824
4 0.702464 0.365183 0.225002 0.216205
4 0.158468 0.245053 0.191475 0.161475
4 0.604874 0.146478 0.178881 0.139174
4 0.770558 0.102385 0.162608 0.119022
4 0.459781 0.486482 0.235009 0.271972
4 0.0890683 0.401241 0.178137 0.200517
