0 0.285894 0.0712568 0.159332 0.141558
4 0.70688 0.666056 0.193161 0.157467
4 0.108597 0.156247 0.217107 0.181477
4 0.290611 0.520964 0.228134 0.175586
4 0.729874 0.531285 0.160201 0.127613
3 0.0675556 0.619773 0.113113 0.282153
4 0.508336 0.660127 0.212121 0.162458
4 0.544032 0.359345 0.442277 0.363273
0 0.736831 0.206622 0.167793 0.140768
0 0.84941 0.372844 0.16866 0.140792
4 0.262007 0.743805 0.297542 0.247608
0 0.424861 0.930858 0.218996 0.137183
3 0.790216 0.93458 0.125121 0.130186
4 0.424791 0.930656 0.21935 0.138027
3 0.919568 0.53436 0.159293 0.041513
4 0.918755 0.906124 0.161136 0.158424
