4 0.503049 0.655271 0.0848746 0.125787
4 0.744917 0.57155 0.107616 0.182522
1 0.370803 0.634838 0.054839 0.243601
4 0.658073 0.215395 0.182682 0.30531
4 0.41757 0.363904 0.191279 0.486597
0 0.888219 0.392903 0.0875419 0.138528
9 0.1982 0.234483 0.0831444 0.124519
0 0.766344 0.367551 0.131632 0.234387
0 0.843676 0.531745 0.0989813 0.171989
4 0.164151 0.420156 0.324524 0.562799
4 0.592986 0.511761 0.121073 0.178538
4 0.766302 0.367201 0.130024 0.235539
4 0.5809 0.499248 0.151853 0.253133
4 0.449231 0.90199 0.121712 0.14206
0 0.745442 0.572452 0.106684 0.183899
3 0.89388 0.319092 0.099656 0.285041
