4 0.23822 0.425879 0.147521 0.205125
7 0.265005 0.800645 0.133905 0.150078
7 0.459318 0.591755 0.119932 0.13935
7 0.355061 0.689406 0.147719 0.148269
7 0.494716 0.167489 0.107684 0.193527
4 0.783163 0.774077 0.0960596 0.135068
7 0.392456 0.241921 0.119231 0.209114
4 0.647627 0.11527 0.14714 0.17808
7 0.185399 0.101825 0.123439 0.203651
8 0.781624 0.773348 0.0925701 0.131736
4 0.742921 0.576675 0.216047 0.187625
4 0.734323 0.336299 0.207832 0.166747
7 0.273047 0.127481 0.129863 0.216908
7 0.387038 0.0730722 0.105768 0.1402
