4 0.787618 0.535113 0.304915 0.200715
4 0.20984 0.484075 0.289723 0.156965
4 0.854717 0.737167 0.290566 0.270975
4 0.169215 0.734724 0.338431 0.362734
0 0.527742 0.763197 0.36061 0.375918
4 0.763256 0.385965 0.255771 0.132805
3 0.352815 0.138901 0.155351 0.26366
4 0.562151 0.270532 0.204621 0.0937928
4 0.711595 0.107508 0.30125 0.109725
4 0.7376 0.138581 0.162886 0.0701041
4 0.528766 0.50427 0.218206 0.172462
4 0.744249 0.201774 0.184701 0.0734448
4 0.786129 0.138522 0.0675017 0.0674784
4 0.561768 0.198123 0.179949 0.0772311
0 0.168381 0.732576 0.336762 0.365383
