4 0.441344 0.658881 0.208386 0.135011
4 0.344773 0.220165 0.208141 0.137397
4 0.585957 0.227367 0.202527 0.136774
4 0.471994 0.353134 0.207178 0.13443
4 0.559961 0.543048 0.20431 0.13893
4 0.357575 0.476016 0.203579 0.138809
4 0.230927 0.590852 0.212457 0.133435
0 0.159725 0.160686 0.147075 0.109103
0 0.231583 0.106119 0.143146 0.115406
4 0.667042 0.422197 0.204786 0.138432
4 0.77953 0.29921 0.208752 0.134886
4 0.127321 0.701293 0.195494 0.119214
3 0.0791982 0.729276 0.155784 0.0369189
0 0.0955676 0.230398 0.157418 0.108079
4 0.327696 0.779562 0.204403 0.134749
4 0.224185 0.353878 0.203073 0.15515
