4 0.500308 0.847332 0.171608 0.258127
4 0.717537 0.368837 0.138874 0.199877
4 0.381514 0.338061 0.099391 0.149137
0 0.968728 0.304022 0.0616965 0.124043
4 0.87108 0.898266 0.18438 0.203468
3 0.342864 0.942231 0.108142 0.110473
4 0.280006 0.511433 0.198891 0.355036
4 0.846197 0.138624 0.200918 0.274112
4 0.8015 0.590104 0.0912136 0.124697
4 0.952664 0.675756 0.0938658 0.244641
4 0.526177 0.528815 0.218451 0.321431
4 0.912787 0.366739 0.0714726 0.13097
4 0.357127 0.851776 0.0927634 0.147473
4 0.0980631 0.229034 0.177939 0.264451
3 0.0830472 0.10536 0.129612 0.135038
3 0.0236552 0.803051 0.0473103 0.328765
4 0.266028 0.760402 0.0776523 0.111076
0 0.913452 0.367195 0.0718533 0.130412
1 0.0812827 0.101368 0.129067 0.13063
4 0.512331 0.229328 0.171756 0.266535
4 0.0951825 0.852656 0.164013 0.231887
4 0.624206 0.966827 0.0994898 0.0654643
