3 0.632841 0.1627 0.172339 0.0884966
3 0.792697 0.240127 0.193758 0.0969988
3 0.103968 0.408716 0.20766 0.141226
3 0.625293 0.28201 0.203377 0.110976
3 0.819697 0.44417 0.262053 0.154647
3 0.927577 0.208989 0.144846 0.0871492
4 0.545072 0.54928 0.299461 0.188691
3 0.790499 0.826748 0.418811 0.315776
3 0.169892 0.15951 0.183249 0.0793467
3 0.965466 0.361563 0.0685996 0.108363
3 0.777883 0.135484 0.165554 0.0679881
3 0.0614739 0.283567 0.122276 0.100311
3 0.978087 0.630003 0.0433306 0.147908
3 0.253911 0.253156 0.200681 0.100278
3 0.463848 0.201632 0.177059 0.0845022
3 0.372992 0.34454 0.230351 0.120514
4 0.209502 0.622099 0.345929 0.212402
