3 0.505894 0.671985 0.21686 0.164237
3 0.31788 0.812562 0.111154 0.17218
3 0.743693 0.673484 0.215137 0.174628
3 0.744007 0.81481 0.254648 0.169437
3 0.27101 0.685564 0.220436 0.15339
3 0.566206 0.44841 0.080554 0.072484
3 0.674648 0.562416 0.119367 0.101558
3 0.317693 0.56798 0.193638 0.172024
3 0.745224 0.462849 0.0839876 0.0923108
3 0.770244 0.552752 0.0895557 0.0900431
3 0.549326 0.806711 0.11726 0.175543
3 0.437091 0.82766 0.156791 0.147103
3 0.194355 0.808681 0.136236 0.155042
3 0.664626 0.458188 0.107728 0.102525
3 0.354575 0.457433 0.173851 0.0972498
3 0.494421 0.559007 0.161866 0.0975328
3 0.81111 0.816748 0.123784 0.156536
3 0.565197 0.555454 0.0999707 0.0849483
