4 0.284769 0.450147 0.284201 0.20031
4 0.829874 0.781428 0.179086 0.148378
4 0.732259 0.864274 0.205249 0.164699
4 0.545274 0.811122 0.199006 0.156762
4 0.897096 0.700742 0.20182 0.143147
4 0.385037 0.764375 0.179976 0.149256
4 0.918798 0.396852 0.1516 0.119499
4 0.483665 0.678994 0.166245 0.119745
4 0.732232 0.658754 0.183349 0.139339
4 0.571171 0.623144 0.168261 0.130915
4 0.650937 0.729305 0.170274 0.127225
4 0.757124 0.374658 0.149235 0.109886
4 0.813938 0.590839 0.155981 0.124478
4 0.463361 0.181075 0.088255 0.082297
4 0.696817 0.319415 0.140863 0.109116
4 0.949952 0.615228 0.0990807 0.102027
4 0.360613 0.171104 0.0932424 0.0829311
4 0.586535 0.170192 0.0952943 0.0810713
4 0.650574 0.542799 0.157492 0.0911257
4 0.287184 0.327047 0.140609 0.0626858
4 0.130302 0.344438 0.146038 0.114279
4 0.883418 0.309563 0.150685 0.0790649
