8 0.495679 0.323339 0.260165 0.374979
8 0.754548 0.555697 0.312144 0.355925
8 0.787633 0.816713 0.327505 0.351222
8 0.250059 0.808878 0.291473 0.362128
8 0.260073 0.128765 0.327254 0.255818
8 0.516633 0.835192 0.249255 0.312752
6 0.105479 0.715482 0.210957 0.36517
8 0.45905 0.646759 0.264237 0.338079
8 0.107773 0.333115 0.215404 0.432132
8 0.942902 0.575685 0.113176 0.345585
8 0.545493 0.0979511 0.254126 0.193778
8 0.818986 0.125337 0.25734 0.250674
8 0.254867 0.454723 0.268119 0.368162
8 0.888126 0.370713 0.223748 0.282959
6 0.67917 0.278884 0.20255 0.271472
8 0.961042 0.859117 0.0769859 0.25977
