3 0.13993 0.856739 0.213449 0.263706
3 0.165871 0.608225 0.18528 0.250968
3 0.346347 0.615781 0.199098 0.268446
3 0.496413 0.367285 0.177535 0.23844
3 0.714664 0.113195 0.185437 0.226389
3 0.342802 0.133365 0.183562 0.256011
3 0.522041 0.130794 0.183225 0.257445
3 0.148157 0.128673 0.209225 0.249606
3 0.327394 0.37054 0.175182 0.231431
3 0.33447 0.847633 0.17775 0.248905
3 0.538269 0.616906 0.186326 0.241563
3 0.896732 0.871293 0.190036 0.255431
3 0.677924 0.351577 0.189411 0.251429
3 0.70478 0.854732 0.196702 0.250742
3 0.896173 0.634167 0.201354 0.244217
3 0.513518 0.856494 0.185188 0.26401
3 0.885919 0.133094 0.198149 0.248175
