4 0.873133 0.340337 0.25365 0.254203
0 0.48472 0.0970042 0.0552994 0.0811026
4 0.404962 0.082303 0.0995829 0.0794706
4 0.706285 0.0937212 0.123477 0.0804551
0 0.897051 0.182126 0.0790484 0.089624
4 0.467125 0.189348 0.123593 0.102181
0 0.0321152 0.217384 0.0641022 0.102742
0 0.56424 0.0477134 0.0702875 0.0954269
0 0.653691 0.487708 0.145448 0.210186
0 0.126387 0.145811 0.056407 0.0662762
0 0.81744 0.125881 0.0673832 0.0839576
4 0.160131 0.199917 0.115548 0.0773893
0 0.0514265 0.594139 0.102853 0.19083
4 0.554112 0.119748 0.101405 0.0603367
4 0.510439 0.0658835 0.0643994 0.0602453
