3 0.462613 0.812981 0.129782 0.223665
4 0.936028 0.133004 0.126531 0.260828
1 0.653271 0.133858 0.178833 0.267264
4 0.180111 0.947749 0.326943 0.103638
4 0.145259 0.672406 0.290062 0.472975
4 0.0740193 0.0566063 0.14714 0.112782
4 0.867638 0.924045 0.264723 0.151093
4 0.387251 0.226302 0.481824 0.450486
4 0.802177 0.508793 0.39494 0.465138
0 0.587994 0.764942 0.144902 0.148443
4 0.0489421 0.278388 0.0976981 0.181268
4 0.587625 0.764868 0.145069 0.147403
0 0.0490104 0.278434 0.0976321 0.182181
0 0.444936 0.5516 0.183454 0.176042
7 0.713755 0.887137 0.232642 0.225726
