3 0.34898 0.624694 0.19102 0.120684
3 0.130739 0.700947 0.207159 0.10951
3 0.194472 0.530641 0.176749 0.108642
3 0.361051 0.533583 0.171835 0.106966
3 0.844272 0.514879 0.179502 0.130596
3 0.311243 0.710801 0.204135 0.102648
3 0.727185 0.713475 0.213005 0.116148
3 0.170116 0.608945 0.183159 0.120355
3 0.376971 0.380197 0.135011 0.0831447
3 0.650616 0.356268 0.154514 0.0825771
3 0.69139 0.524193 0.171297 0.106459
3 0.371873 0.456667 0.151513 0.108438
3 0.794255 0.363908 0.133139 0.0818842
3 0.232252 0.442518 0.150318 0.0979253
3 0.245719 0.374432 0.1373 0.0866958
3 0.671595 0.434012 0.131809 0.112617
3 0.807555 0.4355 0.155013 0.107948
3 0.528886 0.602021 0.165362 0.128415
3 0.511737 0.368532 0.136844 0.0933258
3 0.694486 0.618253 0.171411 0.129396
3 0.864304 0.621582 0.180011 0.115621
3 0.903324 0.714846 0.192423 0.109199
