3 0.358063 0.272438 0.146317 0.0945562
3 0.792355 0.542693 0.188782 0.137129
3 0.162884 0.172649 0.117937 0.0755934
3 0.34762 0.353338 0.134383 0.0894341
3 0.213526 0.763542 0.161367 0.147635
3 0.957223 0.800252 0.0855533 0.17103
3 0.337661 0.42749 0.12446 0.0755737
3 0.620058 0.357161 0.185187 0.0894704
3 0.434886 0.516727 0.120038 0.101464
3 0.953738 0.914366 0.0925239 0.162753
3 0.606329 0.214382 0.168643 0.0843637
3 0.239038 0.40085 0.101364 0.0809579
3 0.095675 0.840137 0.19135 0.319726
3 0.241359 0.325655 0.105269 0.0788771
3 0.60721 0.549219 0.181626 0.0951172
3 0.968406 0.685097 0.0631886 0.146071
3 0.783965 0.655838 0.198004 0.127331
3 0.600818 0.281683 0.172712 0.0898041
3 0.968018 0.550141 0.0639631 0.172172
