4 0.124676 0.788739 0.151175 0.22781
4 0.564261 0.33004 0.134069 0.194229
4 0.351874 0.636186 0.106527 0.159383
4 0.0520227 0.611289 0.104045 0.205857
4 0.21871 0.44621 0.0980282 0.139943
4 0.274204 0.557184 0.100673 0.150802
4 0.154271 0.270651 0.186325 0.264024
4 0.124196 0.497475 0.0957865 0.133128
9 0.176463 0.59726 0.090001 0.139127
4 0.473147 0.614006 0.10998 0.166421
4 0.418454 0.783405 0.11535 0.169897
4 0.177635 0.599627 0.094495 0.144784
4 0.244005 0.717234 0.105242 0.164037
4 0.828723 0.130563 0.225666 0.187117
4 0.305991 0.844581 0.113599 0.169289
9 0.131143 0.792322 0.0994357 0.155383
