4 0.248349 0.687803 0.478626 0.47018
4 0.433014 0.432701 0.116046 0.239728
4 0.740955 0.259802 0.496413 0.372077
0 0.0680917 0.455893 0.114142 0.115066
0 0.596665 0.843481 0.200085 0.246913
4 0.596413 0.439808 0.206202 0.143827
0 0.637763 0.0563142 0.153989 0.0914222
0 0.911693 0.831056 0.154395 0.237929
0 0.904937 0.0391311 0.0746052 0.0558535
0 0.952379 0.60598 0.0715742 0.149012
4 0.596231 0.48596 0.203399 0.233333
0 0.897185 0.577766 0.0805832 0.122085
4 0.424424 0.261899 0.102145 0.0738244
4 0.733415 0.65976 0.213657 0.0773045
0 0.42404 0.262657 0.10194 0.0750903
7 0.199813 0.213743 0.133992 0.0970093
4 0.457979 0.245341 0.0668875 0.0821996
9 0.241604 0.840669 0.128208 0.074094
0 0.740399 0.782902 0.168399 0.214094
0 0.823745 0.573007 0.0712795 0.114486
0 0.764427 0.0312395 0.0695211 0.041882
9 0.430422 0.780343 0.0507316 0.0471087
7 0.0602139 0.201276 0.10452 0.0680485
3 0.177857 0.412454 0.174089 0.041498
