3 0.827654 0.523514 0.182309 0.135057
3 0.656148 0.521888 0.172916 0.135401
3 0.139097 0.538685 0.188442 0.134552
3 0.296081 0.269552 0.18562 0.136892
3 0.108933 0.669883 0.211428 0.149297
3 0.817666 0.266735 0.179624 0.139113
3 0.482608 0.533994 0.176973 0.127465
3 0.656748 0.651491 0.183686 0.13472
3 0.646379 0.263921 0.177766 0.13707
3 0.315159 0.397938 0.178322 0.125427
3 0.288264 0.139821 0.179507 0.134731
3 0.118079 0.270636 0.197282 0.142843
3 0.308 0.522675 0.180473 0.133645
3 0.484912 0.401326 0.175766 0.141687
3 0.456394 0.146487 0.178896 0.144054
3 0.469306 0.280592 0.174765 0.130943
3 0.840953 0.665875 0.200548 0.152734
3 0.470178 0.667587 0.187668 0.135921
3 0.295373 0.657194 0.180131 0.141146
3 0.630825 0.130864 0.170574 0.14757
3 0.127993 0.405862 0.224224 0.137187
3 0.664176 0.392638 0.189924 0.133212
3 0.11665 0.146725 0.187339 0.126386
3 0.800505 0.137176 0.182069 0.137519
3 0.822758 0.390187 0.188204 0.142607
