0 0.624976 0.177932 0.113336 0.231179
0 0.76288 0.303473 0.0870214 0.203153
4 0.488524 0.366713 0.0997604 0.13847
0 0.315145 0.182855 0.12309 0.306751
4 0.450266 0.938855 0.13602 0.118352
0 0.51581 0.490111 0.109019 0.158597
2 0.699277 0.918925 0.0342988 0.15933
4 0.515537 0.489744 0.108113 0.157885
0 0.776985 0.121402 0.115589 0.232623
2 0.128856 0.0666598 0.200702 0.128217
4 0.913018 0.500838 0.173648 0.312345
4 0.554797 0.929584 0.0887398 0.133668
1 0.937732 0.811265 0.123151 0.0650574
4 0.197842 0.794979 0.302281 0.395368
