3 0.601276 0.606984 0.306649 0.390203
3 0.371686 0.823394 0.38438 0.337806
3 0.872062 0.635533 0.255682 0.399857
3 0.287274 0.53443 0.342688 0.426034
3 0.213104 0.271489 0.258929 0.293453
3 0.78704 0.823537 0.408451 0.338158
3 0.481673 0.309746 0.282793 0.324122
3 0.881487 0.129345 0.237027 0.235145
3 0.0789565 0.472362 0.157758 0.304093
3 0.744815 0.326927 0.27075 0.300794
3 0.93483 0.337266 0.129377 0.27179
3 0.170042 0.0878596 0.239986 0.175719
3 0.0874252 0.800712 0.174575 0.3809
3 0.631825 0.143512 0.270513 0.238073
3 0.3903 0.112026 0.22576 0.204032
3 0.0494172 0.234646 0.0987425 0.204014
