3 0.105084 0.887824 0.210116 0.218245
3 0.340421 0.887546 0.269 0.222535
3 0.891786 0.862378 0.215535 0.262846
3 0.106248 0.636222 0.212496 0.259881
3 0.648505 0.86942 0.274891 0.254656
3 0.34172 0.638288 0.252417 0.262314
3 0.89395 0.576242 0.211605 0.237117
3 0.140052 0.368131 0.226246 0.186282
4 0.644141 0.344167 0.224595 0.186698
4 0.62288 0.170398 0.202703 0.177541
3 0.657712 0.587987 0.251736 0.235
4 0.384626 0.363067 0.225585 0.186816
4 0.396677 0.191156 0.195998 0.17205
3 0.160412 0.195178 0.197765 0.176571
3 0.397147 0.190984 0.196711 0.173793
3 0.861036 0.163919 0.203236 0.173987
4 0.887854 0.332166 0.222138 0.185732
4 0.860483 0.16298 0.204217 0.177432
