4 0.55616 0.316317 0.179383 0.195232
4 0.737199 0.766279 0.119305 0.141112
4 0.211637 0.529348 0.116519 0.130611
4 0.220263 0.242482 0.0864604 0.0837761
4 0.338812 0.867869 0.120824 0.151431
4 0.682483 0.649066 0.0979799 0.106264
4 0.604607 0.702177 0.104933 0.123733
4 0.352043 0.331732 0.19047 0.206674
4 0.453975 0.913068 0.126021 0.162477
4 0.172057 0.211712 0.0681753 0.0631703
4 0.37984 0.74816 0.1147 0.142553
4 0.648764 0.834483 0.124729 0.155495
4 0.353543 0.613706 0.118044 0.141642
4 0.470599 0.634492 0.136784 0.176476
4 0.965564 0.637094 0.068873 0.0785177
4 0.532217 0.845893 0.115641 0.219592
7 0.815817 0.605703 0.152806 0.138434
