3 0.639954 0.567634 0.19213 0.0951126
3 0.328973 0.35727 0.248837 0.0893313
3 0.181607 0.63166 0.187639 0.114919
3 0.382795 0.636888 0.188466 0.121763
3 0.872358 0.643004 0.20533 0.105616
3 0.641186 0.494546 0.187631 0.0697927
3 0.435951 0.765233 0.201206 0.099117
3 0.786599 0.915032 0.17663 0.104673
3 0.825654 0.567981 0.187907 0.0944675
3 0.621782 0.917644 0.154454 0.0784676
3 0.123379 0.298656 0.230534 0.10026
3 0.227201 0.544344 0.16177 0.0822858
3 0.399721 0.550854 0.180374 0.100888
3 0.133014 0.372803 0.19368 0.126831
3 0.259036 0.762248 0.1668 0.10472
3 0.0634965 0.794918 0.12687 0.100376
3 0.0770961 0.929626 0.146151 0.105163
3 0.666143 0.650107 0.239215 0.101166
3 0.7986 0.756416 0.191236 0.079912
