4 0.414449 0.586913 0.22896 0.250078
4 0.774475 0.450536 0.190078 0.229912
3 0.677113 0.342346 0.108812 0.16059
4 0.584679 0.519135 0.207894 0.231181
5 0.16264 0.393249 0.312532 0.438445
4 0.894095 0.535514 0.202789 0.208642
0 0.337331 0.250505 0.300477 0.463675
4 0.558804 0.35553 0.179148 0.131758
3 0.826236 0.297293 0.0693075 0.170607
3 0.167081 0.662941 0.147634 0.193122
5 0.215102 0.380229 0.206819 0.379156
4 0.7293 0.730987 0.392259 0.309164
4 0.53928 0.375682 0.221007 0.17353
5 0.159007 0.39709 0.181915 0.410579
