4 0.382089 0.633857 0.21385 0.244041
4 0.67854 0.744414 0.288211 0.358113
4 0.421018 0.826607 0.262505 0.223241
4 0.158753 0.60214 0.220453 0.252925
4 0.378176 0.444309 0.18906 0.180486
4 0.872322 0.566466 0.250379 0.317566
4 0.18883 0.395433 0.198193 0.190653
9 0.743993 0.788246 0.0876689 0.150367
4 0.826734 0.367409 0.212205 0.193041
4 0.639331 0.519672 0.245343 0.247604
4 0.217474 0.270428 0.172987 0.163648
4 0.617097 0.354407 0.214909 0.201594
9 0.378009 0.615536 0.0845907 0.0845919
9 0.425923 0.843107 0.106075 0.102871
