4 0.212924 0.583991 0.175099 0.129843
0 0.156907 0.499759 0.161517 0.115687
0 0.0508598 0.210146 0.101602 0.167955
2 0.444552 0.913146 0.221436 0.172894
0 0.630984 0.136404 0.110105 0.12235
1 0.404284 0.904815 0.186118 0.186733
2 0.518305 0.909924 0.205672 0.180152
4 0.380709 0.239872 0.12974 0.0980928
4 0.188253 0.325544 0.144089 0.0974347
2 0.405106 0.902179 0.187978 0.193949
4 0.125417 0.399859 0.216357 0.109963
4 0.152924 0.402824 0.155894 0.0987032
2 0.35038 0.90303 0.301779 0.193941
4 0.324203 0.30104 0.166843 0.10764
0 0.110234 0.294156 0.131405 0.100033
