3 0.847709 0.377834 0.304582 0.142052
3 0.57849 0.27858 0.279303 0.152356
3 0.502004 0.359599 0.298252 0.175038
3 0.851639 0.268428 0.263103 0.136098
3 0.156127 0.361224 0.30361 0.167307
3 0.224866 0.252636 0.287334 0.138193
3 0.703199 0.795225 0.220782 0.177972
3 0.281893 0.158552 0.260974 0.119055
3 0.83336 0.912335 0.215252 0.160123
3 0.527662 0.173643 0.233598 0.115756
3 0.771639 0.162161 0.217743 0.151193
3 0.519223 0.0852189 0.219921 0.124802
3 0.281849 0.924796 0.208543 0.149746
3 0.0619872 0.901165 0.122815 0.145961
3 0.910405 0.0678215 0.176619 0.0961411
3 0.431383 0.763096 0.208588 0.111568
3 0.720191 0.101804 0.20384 0.14289
3 0.934872 0.124934 0.114468 0.101849
3 0.121461 0.797317 0.234747 0.174542
3 0.90723 0.836521 0.181618 0.186798
3 0.258439 0.086199 0.219048 0.129334
3 0.429578 0.825215 0.118984 0.102558
3 0.328271 0.846078 0.214056 0.150728
