3 0.410028 0.710621 0.317299 0.250203
3 0.606635 0.5189 0.228717 0.207025
3 0.741994 0.768996 0.158729 0.158048
3 0.185739 0.419951 0.172417 0.141699
3 0.152462 0.883195 0.304243 0.218901
3 0.322257 0.500281 0.193588 0.129215
3 0.424081 0.533188 0.181463 0.118343
3 0.280738 0.839879 0.332162 0.293726
3 0.2159 0.570394 0.236107 0.192987
3 0.534923 0.593736 0.234815 0.228032
3 0.65449 0.901389 0.207038 0.193229
3 0.68498 0.454736 0.187806 0.166204
3 0.0946334 0.648483 0.187738 0.203271
3 0.490157 0.441639 0.136561 0.0795417
3 0.391164 0.402106 0.18559 0.133681
