3 0.412521 0.833632 0.136248 0.122724
3 0.689141 0.798972 0.124635 0.114253
3 0.129131 0.851977 0.139749 0.142672
3 0.260203 0.856117 0.138615 0.130108
3 0.139105 0.759295 0.12809 0.094727
3 0.111898 0.707 0.129456 0.105203
3 0.583184 0.730466 0.117979 0.100792
3 0.448037 0.678686 0.102646 0.094624
3 0.561924 0.813509 0.126487 0.120418
3 0.244205 0.69414 0.118623 0.101271
3 0.261084 0.764343 0.120316 0.103586
3 0.368682 0.76169 0.0983136 0.1158
3 0.344572 0.681883 0.103732 0.0990773
3 0.47348 0.747524 0.110689 0.120759
3 0.544989 0.661066 0.0960529 0.101096
