2 0.858692 0.503657 0.11431 0.422854
1 0.895591 0.076334 0.0287716 0.15074
1 0.701524 0.144742 0.0344651 0.221929
1 0.737462 0.12596 0.0373701 0.215911
9 0.492657 0.736546 0.983648 0.497397
1 0.667002 0.141217 0.0400951 0.24166
1 0.436037 0.0918424 0.0295959 0.174972
1 0.933491 0.0748936 0.0270754 0.146081
1 0.0135302 0.260993 0.0270604 0.123963
1 0.464056 0.088732 0.0298528 0.173415
1 0.467692 0.182741 0.0335478 0.20299
1 0.125774 0.470316 0.029937 0.091089
1 0.440898 0.203667 0.0328041 0.166366
1 0.817746 0.15168 0.0549118 0.303359
1 0.490102 0.0838256 0.0287283 0.161969
4 0.0182261 0.669628 0.0364522 0.163874
1 0.977027 0.0735759 0.0335892 0.139473
1 0.101595 0.469406 0.0246635 0.0914235
1 0.540763 0.0879312 0.0276712 0.175549
