3 0.910333 0.576864 0.179333 0.273618
3 0.298687 0.654552 0.226644 0.296255
3 0.712172 0.396389 0.207735 0.210386
3 0.525644 0.41462 0.18882 0.207092
3 0.0936287 0.603286 0.187192 0.263126
3 0.152967 0.274889 0.202983 0.205408
3 0.512649 0.602162 0.217747 0.272901
3 0.0977412 0.852194 0.192568 0.277887
3 0.719338 0.600609 0.206143 0.287429
3 0.314999 0.871399 0.256933 0.237533
3 0.89621 0.372397 0.200741 0.19235
3 0.125091 0.435043 0.21222 0.256312
3 0.331202 0.442587 0.191229 0.222388
3 0.559048 0.829274 0.252008 0.317667
3 0.791888 0.818532 0.225165 0.327652
3 0.151087 0.11869 0.159996 0.153177
3 0.331644 0.280229 0.161761 0.197741
3 0.475298 0.111371 0.17615 0.210768
3 0.307803 0.123751 0.166097 0.16182
3 0.948016 0.81162 0.103545 0.3522
3 0.676595 0.265189 0.1833 0.174421
3 0.648177 0.133075 0.179459 0.175724
3 0.5011 0.262328 0.18821 0.185616
3 0.81536 0.10191 0.16809 0.18776
3 0.851948 0.246236 0.180486 0.175058
