4 0.359589 0.0876285 0.230896 0.100044
4 0.851069 0.201166 0.295994 0.143993
4 0.209169 0.321908 0.302586 0.166377
4 0.140409 0.496645 0.280819 0.217943
4 0.842744 0.337702 0.312023 0.169769
4 0.309762 0.194468 0.259625 0.134626
4 0.837306 0.0902589 0.255911 0.107845
4 0.531021 0.327989 0.31848 0.176504
4 0.815644 0.53724 0.366656 0.249208
4 0.585633 0.0895254 0.243955 0.104544
4 0.828245 0.830788 0.341205 0.338424
4 0.565489 0.192208 0.278793 0.131718
4 0.435875 0.786662 0.457132 0.338325
4 0.115308 0.758464 0.230616 0.313642
4 0.454796 0.510268 0.366329 0.218536
4 0.34892 0.0175262 0.240204 0.0350524
