3 0.603587 0.744551 0.402186 0.29466
3 0.530181 0.510592 0.342657 0.228018
3 0.461191 0.338018 0.288686 0.182951
3 0.427595 0.197407 0.244446 0.14149
3 0.898894 0.496776 0.201298 0.230716
3 0.787401 0.223329 0.268457 0.170835
3 0.390501 0.097973 0.229218 0.137163
3 0.867255 0.344912 0.264429 0.172171
3 0.723946 0.124204 0.246653 0.141267
3 0.1108 0.11802 0.220905 0.126235
3 0.127862 0.242859 0.255725 0.173758
3 0.170354 0.553243 0.337426 0.221949
3 0.658714 0.063361 0.206311 0.126722
3 0.950626 0.93888 0.0974598 0.121214
3 0.106757 0.0406828 0.211699 0.0813656
