4 0.332554 0.638774 0.287348 0.299161
0 0.306727 0.165164 0.105021 0.200826
1 0.0740928 0.719667 0.0958873 0.559784
4 0.339458 0.42544 0.240854 0.191657
4 0.691478 0.569916 0.273545 0.228603
4 0.583362 0.399332 0.220227 0.127983
4 0.502975 0.26576 0.279051 0.177765
4 0.709537 0.793518 0.336639 0.343407
1 0.140085 0.755117 0.0764534 0.485031
4 0.196547 0.299853 0.281026 0.166263
3 0.840101 0.779917 0.319797 0.196798
0 0.94321 0.14726 0.11358 0.279782
3 0.494861 0.690132 0.22162 0.219258
4 0.802259 0.44375 0.221828 0.186342
4 0.840539 0.465746 0.306162 0.233429
3 0.794731 0.76265 0.407438 0.228537
3 0.307058 0.284377 0.157135 0.0412753
7 0.807215 0.223194 0.224956 0.28221
