1 0.516145 0.850349 0.0612205 0.145865
1 0.604782 0.9234 0.0578948 0.150859
1 0.712906 0.957469 0.067352 0.0839126
1 0.656466 0.944573 0.0610798 0.109585
4 0.803434 0.176993 0.114705 0.119609
4 0.923239 0.275927 0.153521 0.134655
1 0.813462 0.814341 0.0782518 0.219102
1 0.823106 0.943971 0.0629527 0.111277
4 0.749391 0.236051 0.112665 0.108835
1 0.604511 0.702188 0.0487848 0.138981
1 0.588357 0.839765 0.0499544 0.153971
1 0.698995 0.763203 0.051872 0.167162
1 0.433565 0.790207 0.0471328 0.138184
1 0.472112 0.814387 0.0464959 0.135136
1 0.637977 0.853415 0.0427271 0.114413
4 0.69549 0.439145 0.0759039 0.0960474
1 0.651972 0.75255 0.0542098 0.193857
1 0.605406 0.728735 0.0484643 0.189098
1 0.748809 0.785646 0.0587744 0.149214
1 0.3974 0.784926 0.0468802 0.152519
4 0.224894 0.630842 0.105586 0.112731
4 0.673369 0.133811 0.102356 0.105346
1 0.753976 0.921442 0.0587038 0.151437
1 0.689184 0.899972 0.04641 0.130195
4 0.921107 0.0933989 0.122738 0.0650009
1 0.78618 0.980866 0.0421223 0.0367302
4 0.630095 0.196182 0.10616 0.121335
3 0.950866 0.187538 0.0982681 0.075431
