3 0.10078 0.675381 0.201561 0.246852
3 0.0854577 0.883935 0.170915 0.215716
3 0.288826 0.889456 0.251699 0.207165
3 0.308771 0.69378 0.226121 0.260902
4 0.763537 0.721358 0.237999 0.230309
4 0.74843 0.51305 0.213713 0.220826
4 0.925762 0.521196 0.147562 0.22102
4 0.93739 0.726734 0.124805 0.238595
4 0.72969 0.329271 0.196396 0.207517
4 0.91044 0.336881 0.178332 0.214403
3 0.32272 0.471202 0.21329 0.219258
4 0.714286 0.165233 0.194217 0.188964
3 0.107007 0.460247 0.214013 0.221941
4 0.786412 0.908705 0.252261 0.172294
4 0.5357 0.657521 0.237394 0.252241
3 0.320366 0.295188 0.206562 0.199738
4 0.900443 0.178839 0.191966 0.19562
3 0.521273 0.879713 0.268836 0.230257
4 0.534124 0.459356 0.218879 0.229588
3 0.112525 0.28314 0.211805 0.193827
4 0.954407 0.910842 0.0907268 0.173622
3 0.137781 0.146335 0.209323 0.177292
4 0.528823 0.291764 0.212718 0.204269
3 0.328602 0.148677 0.202663 0.170799
3 0.535193 0.457018 0.218359 0.227327
