3 0.661277 0.635467 0.175983 0.134102
3 0.501086 0.395661 0.419652 0.203732
3 0.814556 0.701793 0.221725 0.147028
3 0.163478 0.339418 0.307517 0.201121
3 0.167462 0.618367 0.333879 0.443635
3 0.655895 0.281549 0.402003 0.197423
3 0.940481 0.824223 0.117877 0.103589
3 0.915155 0.131421 0.169672 0.195406
3 0.801205 0.534415 0.175211 0.113676
3 0.789907 0.0532018 0.247532 0.106404
3 0.163833 0.177763 0.240064 0.130894
3 0.691124 0.84179 0.238041 0.205101
3 0.53204 0.75606 0.218801 0.158503
3 0.926269 0.570426 0.14547 0.125514
3 0.357281 0.230868 0.305889 0.154635
