3 0.511772 0.783682 0.146484 0.228241
3 0.366125 0.763601 0.15331 0.237112
3 0.190867 0.605944 0.196951 0.139818
3 0.300783 0.437297 0.0658076 0.0969092
3 0.430192 0.410633 0.0700161 0.109089
3 0.304722 0.350235 0.0669964 0.0946404
3 0.157889 0.807073 0.236722 0.133689
3 0.765108 0.834957 0.120598 0.178545
3 0.207999 0.704962 0.168822 0.133198
3 0.528542 0.606904 0.138217 0.142205
3 0.362995 0.407091 0.0674547 0.10544
3 0.397488 0.330794 0.0674042 0.109059
3 0.625617 0.0995208 0.0784963 0.143937
3 0.584765 0.438138 0.0881575 0.071526
3 0.529611 0.421299 0.0746592 0.0971795
3 0.654134 0.832445 0.105587 0.173865
3 0.126994 0.414751 0.0545357 0.0742881
3 0.831993 0.414009 0.0889688 0.124325
3 0.551678 0.0907125 0.0747826 0.1508
3 0.582817 0.312387 0.0744436 0.0826607
