3 0.193719 0.763778 0.238645 0.173411
3 0.685085 0.57926 0.242441 0.175107
3 0.724785 0.390119 0.188724 0.147634
3 0.0630042 0.650699 0.125502 0.206258
3 0.69936 0.0648834 0.224869 0.128968
3 0.239823 0.579161 0.209925 0.196477
3 0.46436 0.0610309 0.213524 0.121599
3 0.519391 0.402468 0.218267 0.1624
3 0.669562 0.79802 0.205004 0.204496
3 0.279753 0.387719 0.227625 0.181128
3 0.0613263 0.118025 0.122287 0.190243
3 0.450442 0.791336 0.193538 0.152269
3 0.490114 0.216639 0.185857 0.158818
3 0.0969252 0.277889 0.19385 0.180577
3 0.455574 0.592333 0.224615 0.178884
3 0.183655 0.0523575 0.230226 0.103775
3 0.0809342 0.454379 0.161594 0.183273
3 0.709329 0.225847 0.219896 0.179172
3 0.27664 0.186587 0.235531 0.172178
