3 0.665947 0.681477 0.207467 0.158275
3 0.688338 0.822202 0.185603 0.163878
3 0.590302 0.587848 0.196296 0.122401
3 0.495305 0.746859 0.210513 0.151394
3 0.878566 0.344577 0.193883 0.202606
3 0.84045 0.712769 0.197468 0.19111
3 0.595118 0.102013 0.208086 0.191644
3 0.671804 0.448612 0.157962 0.174337
3 0.254398 0.302943 0.155586 0.182626
3 0.516933 0.871975 0.214236 0.147014
3 0.224208 0.185597 0.192437 0.183777
3 0.451607 0.616186 0.205334 0.174496
3 0.509754 0.472785 0.210509 0.192109
3 0.922889 0.527348 0.154222 0.202718
3 0.404804 0.235361 0.202247 0.162854
3 0.778713 0.562338 0.173435 0.152188
3 0.396675 0.108095 0.195171 0.155077
