3 0.751736 0.654922 0.149526 0.105562
3 0.579806 0.713015 0.157164 0.111944
3 0.909816 0.684344 0.161885 0.106722
3 0.869432 0.917069 0.194719 0.152513
3 0.377213 0.780986 0.161659 0.117081
3 0.443448 0.68577 0.150697 0.111836
3 0.682193 0.855169 0.1836 0.137031
3 0.473941 0.597086 0.125348 0.0940881
3 0.60496 0.626735 0.137333 0.0931116
3 0.888905 0.552035 0.160715 0.1443
3 0.52591 0.810043 0.164213 0.127021
3 0.719007 0.750847 0.159022 0.108701
3 0.894866 0.798447 0.148321 0.142053
3 0.773764 0.525878 0.121401 0.137204
3 0.959704 0.430671 0.080081 0.109753
3 0.771504 0.413496 0.139065 0.125946
3 0.657568 0.503718 0.104775 0.139598
3 0.911581 0.480455 0.136464 0.127678
3 0.527542 0.495584 0.0884593 0.120572
3 0.725148 0.516535 0.0795174 0.132678
3 0.555032 0.41798 0.066556 0.057064
3 0.501493 0.429139 0.0533824 0.0486291
3 0.597795 0.500687 0.0677375 0.120239
3 0.651024 0.413879 0.0701766 0.0639578
