4 0.792028 0.46129 0.313129 0.212652
4 0.666998 0.661478 0.388998 0.273473
4 0.281295 0.695801 0.385352 0.288396
4 0.227153 0.210491 0.269789 0.16167
0 0.232494 0.0592593 0.229182 0.117916
4 0.581299 0.190435 0.235449 0.159173
2 0.795203 0.139995 0.134703 0.264761
4 0.0896855 0.453285 0.177988 0.179218
3 0.62417 0.375883 0.131576 0.42728
3 0.826008 0.353555 0.217489 0.261332
3 0.90014 0.142788 0.188187 0.188047
3 0.194249 0.345196 0.375583 0.151558
3 0.372755 0.233544 0.273737 0.19665
3 0.186751 0.545301 0.142144 0.380054
3 0.413188 0.238226 0.195992 0.182821
