3 0.342948 0.469061 0.059417 0.0761877
3 0.0464076 0.419813 0.0689284 0.0719139
3 0.607118 0.816823 0.0791556 0.0860684
3 0.0602684 0.344955 0.0626227 0.0684447
3 0.764952 0.782408 0.0827826 0.0985514
3 0.329575 0.539332 0.0633537 0.0768236
3 0.123724 0.352017 0.065388 0.0676192
3 0.701181 0.44713 0.0662029 0.0709686
3 0.875774 0.588309 0.0778822 0.0749964
3 0.108974 0.430674 0.0626174 0.0698063
3 0.697322 0.518494 0.0758141 0.0729464
3 0.447381 0.803225 0.0783512 0.104309
3 0.447937 0.48874 0.0684714 0.0760949
3 0.320976 0.658583 0.0778994 0.0670049
3 0.530102 0.787066 0.0807907 0.0919056
3 0.255214 0.536838 0.069723 0.0709921
3 0.852328 0.455175 0.0726654 0.0664155
3 0.0749752 0.498593 0.0663401 0.0763597
3 0.621638 0.434977 0.0657749 0.0706621
3 0.0246389 0.490173 0.0490471 0.0771363
3 0.611569 0.503096 0.0675469 0.0756869
3 0.429443 0.553482 0.071292 0.0572106
3 0.259706 0.474932 0.0719519 0.0674357
3 0.866885 0.51915 0.0577784 0.0718264
3 0.503091 0.5612 0.0710919 0.0576274
3 0.0523455 0.564254 0.0805242 0.0572358
3 0.856558 0.812317 0.0910778 0.0994914
3 0.0132303 0.561093 0.0263791 0.0706544
3 0.771832 0.447524 0.0589913 0.0701802
3 0.724647 0.570507 0.0795381 0.0505089
3 0.228255 0.819467 0.0856208 0.0719139
3 0.14215 0.817782 0.0867212 0.073889
3 0.802563 0.510565 0.112984 0.149454
3 0.468802 0.420305 0.0660378 0.0665471
3 0.318281 0.834641 0.0806657 0.0511457
3 0.637904 0.556689 0.0780915 0.0500086
3 0.531994 0.64407 0.0583792 0.032356
3 0.179778 0.334046 0.0444042 0.0268829
3 0.855645 0.790404 0.0870283 0.0551816
3 0.123525 0.561776 0.0672151 0.0529162
