3 0.568768 0.874241 0.27821 0.251334
3 0.151063 0.49694 0.281012 0.2612
3 0.308102 0.210763 0.230001 0.249018
3 0.41151 0.411027 0.274571 0.252066
3 0.511937 0.143942 0.218678 0.242942
3 0.220176 0.0680377 0.243901 0.135981
3 0.615645 0.327723 0.232499 0.254253
3 0.478392 0.638484 0.253535 0.258258
3 0.731453 0.102697 0.238201 0.205393
3 0.701841 0.551243 0.256984 0.249746
3 0.804901 0.785209 0.278838 0.254928
3 0.105917 0.270928 0.211359 0.256773
3 0.827597 0.269474 0.231107 0.243385
3 0.219859 0.743707 0.300325 0.288712
3 0.430522 0.0452453 0.205944 0.0904373
3 0.042799 0.0899082 0.085299 0.177699
3 0.315972 0.922938 0.277591 0.153511
3 0.923614 0.48535 0.151921 0.24209
3 0.941164 0.701061 0.117089 0.242926
3 0.0980897 0.0948327 0.0759306 0.175283
3 0.891568 0.472892 0.21538 0.263405
