9 0.893446 0.370937 0.104137 0.125014
9 0.823151 0.524064 0.105947 0.150301
9 0.379099 0.584785 0.0925475 0.126471
9 0.63726 0.693828 0.125003 0.197908
9 0.44218 0.487501 0.106456 0.14493
9 0.93374 0.665629 0.105503 0.152135
9 0.411645 0.331914 0.0831783 0.0971914
9 0.330009 0.257684 0.0882719 0.115663
9 0.490912 0.0923383 0.0576233 0.0994028
9 0.625642 0.345905 0.0952297 0.102638
9 0.320898 0.150472 0.081827 0.0953451
9 0.57604 0.252274 0.071496 0.080822
9 0.206565 0.431451 0.152268 0.175671
9 0.201749 0.289241 0.0500029 0.0759826
9 0.661367 0.168244 0.0847441 0.0866127
9 0.625458 0.452233 0.0645484 0.0875242
9 0.820172 0.254948 0.100893 0.0865049
9 0.97236 0.524538 0.0547598 0.0847076
