4 0.672118 0.736073 0.171081 0.194833
4 0.892581 0.705785 0.214838 0.257076
4 0.504618 0.349594 0.101557 0.0802151
4 0.600963 0.366827 0.0977892 0.084734
4 0.523268 0.796139 0.157682 0.193354
4 0.159319 0.455188 0.112726 0.116068
4 0.733616 0.602172 0.137866 0.131608
4 0.695759 0.404593 0.103362 0.0853963
2 0.419912 0.332802 0.025747 0.116959
4 0.725431 0.492669 0.117796 0.103183
2 0.501203 0.225054 0.0682097 0.0692624
2 0.418984 0.337109 0.0193394 0.110096
4 0.266589 0.373834 0.144937 0.0912184
2 0.4298 0.942201 0.308437 0.114731
