3 0.451525 0.527437 0.312429 0.299249
3 0.732236 0.424997 0.325073 0.330633
3 0.62061 0.738942 0.342182 0.333386
3 0.894731 0.659358 0.209425 0.333509
3 0.877779 0.240371 0.243677 0.370588
3 0.618266 0.143758 0.330776 0.286803
3 0.91561 0.90249 0.167687 0.193599
3 0.290213 0.794613 0.335932 0.323833
3 0.090517 0.470076 0.180628 0.317688
3 0.627569 0.929961 0.328465 0.139088
3 0.0636156 0.73679 0.127231 0.273751
3 0.244698 0.189352 0.370228 0.378705
3 0.819331 0.0419679 0.186934 0.0837542
9 0.50059 0.491702 0.993378 0.981288
