4 0.802318 0.821998 0.393249 0.341226
4 0.19141 0.805946 0.38282 0.374428
4 0.811938 0.247403 0.323812 0.2376
4 0.513907 0.654616 0.386353 0.330913
4 0.132575 0.109119 0.26515 0.213912
4 0.0994034 0.32653 0.198707 0.250104
4 0.260467 0.478336 0.36408 0.292811
4 0.807782 0.508101 0.364597 0.296195
4 0.0622056 0.586472 0.124411 0.247342
4 0.469844 0.904481 0.429612 0.191039
4 0.551903 0.353277 0.345538 0.263797
4 0.957067 0.635322 0.0847614 0.22454
4 0.312927 0.214302 0.325932 0.216862
4 0.576835 0.118258 0.307314 0.229254
4 0.935644 0.13968 0.127656 0.241725
4 0.794103 0.064899 0.293071 0.128771
4 0.363894 0.0518321 0.282317 0.101806
9 0.0413526 0.588632 0.0815448 0.162353
