4 0.539496 0.722109 0.20191 0.244067
4 0.185888 0.492792 0.167695 0.171291
4 0.315505 0.672598 0.199774 0.228112
4 0.831162 0.489391 0.186601 0.175101
4 0.410688 0.377993 0.142106 0.12462
4 0.592419 0.521479 0.166592 0.171446
4 0.70478 0.390757 0.148832 0.136017
4 0.88738 0.378279 0.148314 0.142521
4 0.361911 0.476096 0.154918 0.170545
4 0.962844 0.539261 0.0743112 0.305096
4 0.687975 0.300011 0.122469 0.0803442
4 0.121287 0.680608 0.200812 0.207974
4 0.255475 0.368823 0.215458 0.11654
3 0.0831378 0.41453 0.065943 0.133877
