4 0.366026 0.259644 0.168968 0.177132
4 0.762642 0.102252 0.170822 0.204504
4 0.689401 0.464391 0.18952 0.241993
4 0.885063 0.215562 0.179452 0.206356
4 0.371816 0.115692 0.159006 0.147795
4 0.905016 0.449501 0.189098 0.256754
4 0.516014 0.200149 0.171416 0.189632
4 0.775031 0.324392 0.183208 0.221953
4 0.680796 0.207819 0.170285 0.219828
4 0.0556131 0.677429 0.111226 0.277281
4 0.506615 0.498679 0.191819 0.215939
4 0.221072 0.191214 0.17018 0.161355
4 0.608239 0.680795 0.20629 0.269685
4 0.799304 0.627838 0.205992 0.278157
4 0.964218 0.302937 0.0711055 0.191791
4 0.559924 0.330451 0.182447 0.188308
4 0.203096 0.677222 0.210821 0.237864
4 0.218155 0.338443 0.175628 0.188539
4 0.405063 0.676412 0.204463 0.264602
4 0.646641 0.889111 0.236311 0.218823
4 0.155798 0.513384 0.192955 0.227489
4 0.242782 0.0601441 0.163435 0.120288
4 0.917261 0.0803098 0.158946 0.160126
4 0.072405 0.341139 0.14481 0.218747
4 0.345751 0.456163 0.186503 0.246975
4 0.516946 0.0604686 0.159133 0.120937
4 0.0453521 0.902771 0.0903944 0.184995
4 0.198709 0.882278 0.228686 0.221784
4 0.426175 0.891602 0.217606 0.213652
4 0.0309983 0.462301 0.0618673 0.163824
