4 0.584461 0.476391 0.0784348 0.127884
4 0.531603 0.330787 0.0754248 0.100855
4 0.666505 0.585035 0.0694322 0.107547
4 0.500487 0.518578 0.0742159 0.107315
4 0.493694 0.844515 0.0953835 0.129079
4 0.475776 0.74218 0.0819749 0.125679
4 0.621533 0.335627 0.072084 0.0887835
4 0.596798 0.813602 0.10894 0.12662
4 0.558239 0.730619 0.0821985 0.104008
4 0.5104 0.628854 0.0812731 0.118866
4 0.393731 0.863616 0.0969326 0.11991
4 0.389904 0.775052 0.0841219 0.0917716
4 0.199608 0.518511 0.0874728 0.119511
4 0.7075 0.330586 0.0470785 0.0737983
4 0.182447 0.646402 0.0797829 0.122366
4 0.681076 0.47927 0.0695243 0.0966892
4 0.425658 0.533619 0.0724558 0.103851
4 0.275351 0.525839 0.0639744 0.115208
3 0.283498 0.858897 0.0976158 0.124216
