4 0.672221 0.730879 0.164022 0.21291
4 0.568193 0.847715 0.109629 0.159251
4 0.745741 0.602356 0.124671 0.158735
4 0.40479 0.921761 0.146517 0.156478
4 0.541852 0.630724 0.136446 0.176246
4 0.820121 0.76558 0.136312 0.180748
4 0.660369 0.140353 0.0939698 0.110846
4 0.435719 0.143825 0.110937 0.136164
4 0.47019 0.784196 0.1079 0.148649
4 0.568708 0.164005 0.086953 0.0995921
4 0.859752 0.637476 0.0991455 0.1281
4 0.702757 0.916925 0.143277 0.163345
4 0.316759 0.150529 0.13418 0.146021
4 0.044987 0.281338 0.0897386 0.181845
4 0.340577 0.772547 0.13676 0.179289
3 0.810576 0.918962 0.0879751 0.134567
4 0.895997 0.548481 0.100801 0.118095
4 0.759454 0.267301 0.0969788 0.124278
4 0.865763 0.23739 0.104317 0.127119
4 0.491595 0.0567152 0.0918514 0.107567
4 0.169864 0.712817 0.112027 0.142251
4 0.648132 0.0479387 0.131333 0.0958774
4 0.73847 0.19017 0.0843744 0.119607
4 0.960387 0.0571929 0.0783008 0.113007
4 0.0642386 0.83268 0.128277 0.325559
4 0.803451 0.151446 0.097928 0.114675
4 0.569281 0.0832996 0.0749277 0.0770947
4 0.954103 0.455787 0.0905741 0.130809
4 0.37201 0.0448581 0.0929255 0.0865716
