4 0.353521 0.749105 0.213356 0.162843
4 0.572894 0.727362 0.208833 0.158756
4 0.5542 0.584903 0.186309 0.130072
4 0.532519 0.465881 0.170577 0.108225
4 0.488239 0.368338 0.160993 0.0986301
4 0.166035 0.383725 0.169386 0.102135
4 0.135971 0.760442 0.221474 0.168111
4 0.328909 0.362333 0.157826 0.0659467
4 0.13803 0.608942 0.175245 0.142178
4 0.341616 0.523405 0.255164 0.302969
4 0.816002 0.50839 0.363891 0.236383
4 0.141813 0.487673 0.164001 0.108729
4 0.667449 0.250654 0.245363 0.181987
9 0.147766 0.487228 0.14749 0.101575
