3 0.605597 0.588031 0.0728873 0.0868337
3 0.514837 0.518519 0.0755863 0.123677
3 0.499697 0.417045 0.0663605 0.0942124
3 0.171439 0.762906 0.111611 0.143511
1 0.198367 0.101363 0.0619796 0.202725
3 0.625354 0.70457 0.0788628 0.115409
3 0.640145 0.411587 0.0753649 0.0784136
3 0.384888 0.656441 0.0900006 0.108877
3 0.271388 0.395339 0.0806474 0.107471
3 0.540337 0.768808 0.0677516 0.104039
3 0.527593 0.657181 0.0736492 0.0818652
3 0.574524 0.445475 0.0747173 0.0907645
3 0.27539 0.509949 0.100836 0.136464
