3 0.214237 0.248857 0.342028 0.323954
3 0.618644 0.585003 0.282741 0.258477
3 0.509566 0.420508 0.297995 0.316251
3 0.80017 0.350836 0.310035 0.298532
3 0.755522 0.829935 0.331696 0.338894
3 0.562717 0.138798 0.264412 0.277137
3 0.246835 0.544254 0.314859 0.281853
3 0.871004 0.521359 0.245042 0.216724
3 0.333946 0.159564 0.233884 0.298784
3 0.824741 0.114228 0.285564 0.223073
3 0.390593 0.790599 0.381213 0.337946
3 0.17471 0.0687787 0.256085 0.137557
3 0.814023 0.736546 0.205828 0.183551
3 0.114032 0.764734 0.174663 0.135071
3 0.0976807 0.389839 0.107199 0.140488
3 0.546614 0.946244 0.127315 0.106496
