3 0.518545 0.503272 0.0986601 0.18779
3 0.188504 0.508741 0.100602 0.187533
3 0.524619 0.338414 0.0993168 0.151276
3 0.198831 0.338456 0.102403 0.138137
3 0.877545 0.354022 0.0949726 0.169755
3 0.901132 0.552129 0.0968616 0.190626
3 0.808624 0.562334 0.11357 0.175081
3 0.0969686 0.37329 0.111957 0.166614
3 0.320479 0.896364 0.0954208 0.165778
3 0.43145 0.41807 0.10936 0.176995
3 0.422263 0.58603 0.118274 0.166615
3 0.0869278 0.575087 0.111107 0.196587
3 0.147556 0.855662 0.0972171 0.167595
3 0.203012 0.202958 0.103063 0.144645
3 0.23448 0.873406 0.0963037 0.174053
3 0.480838 0.888632 0.0924279 0.173868
3 0.510554 0.19881 0.0903389 0.14429
3 0.269057 0.57648 0.113473 0.184909
3 0.664153 0.892494 0.101611 0.165592
3 0.969404 0.555903 0.0606338 0.174184
3 0.788773 0.39894 0.105983 0.173953
3 0.418889 0.0964075 0.0949439 0.15527
3 0.426505 0.257178 0.0934941 0.161192
3 0.332845 0.755512 0.0997487 0.135023
3 0.819838 0.877478 0.107115 0.174321
3 0.9581 0.394177 0.0827015 0.172551
3 0.568558 0.879153 0.0849648 0.17531
3 0.859119 0.197723 0.0953018 0.157811
3 0.919265 0.884084 0.0979385 0.14808
3 0.508952 0.0683961 0.0874985 0.130208
3 0.862583 0.734887 0.107119 0.144699
3 0.0941509 0.208557 0.118317 0.168192
3 0.772896 0.238182 0.098058 0.15942
3 0.923524 0.0922342 0.107378 0.140116
3 0.212486 0.0802655 0.089681 0.117529
3 0.599996 0.251961 0.0979675 0.17229
3 0.951259 0.249574 0.0965539 0.163621
3 0.28868 0.380158 0.0988962 0.150371
3 0.0295374 0.8863 0.0590748 0.195903
3 0.757226 0.0947839 0.094002 0.144311
3 0.251975 0.728913 0.0927913 0.0992335
3 0.833291 0.0653334 0.0776697 0.126478
