0 0.0981112 0.562234 0.196222 0.268049
4 0.747811 0.63072 0.10203 0.064563
0 0.888503 0.632287 0.102951 0.0691119
4 0.514061 0.599099 0.0906356 0.0589808
4 0.887933 0.631224 0.101852 0.0689415
7 0.287049 0.674518 0.278302 0.163911
7 0.376061 0.673104 0.0984375 0.163881
7 0.24495 0.817272 0.227653 0.205949
7 0.174209 0.814652 0.348418 0.211583
4 0.522366 0.692535 0.136799 0.0861779
0 0.514181 0.599079 0.0901565 0.0595589
7 0.244499 0.67565 0.196989 0.158756
0 0.748093 0.630876 0.100249 0.0652275
