7 0.458676 0.792242 0.206045 0.192978
7 0.751452 0.818495 0.224738 0.193646
0 0.909928 0.827548 0.10874 0.0869386
7 0.31992 0.727741 0.19138 0.182617
7 0.298772 0.764878 0.159518 0.109709
7 0.321257 0.683681 0.189055 0.0937355
7 0.629408 0.740113 0.184758 0.176639
4 0.955405 0.768539 0.0877413 0.0757111
7 0.628535 0.695537 0.186779 0.0873643
7 0.752859 0.774064 0.204972 0.103931
7 0.751617 0.853365 0.215289 0.120295
7 0.607644 0.780828 0.118716 0.0989354
0 0.954861 0.76841 0.0902779 0.0767171
4 0.910233 0.828556 0.107246 0.0878358
