3 0.821934 0.770032 0.247041 0.13902
3 0.861448 0.906126 0.264285 0.155215
3 0.774293 0.627422 0.231281 0.119113
3 0.543901 0.614043 0.215231 0.120977
3 0.164647 0.510682 0.207118 0.0983704
3 0.589408 0.736287 0.233816 0.131301
3 0.347993 0.584718 0.203721 0.113012
3 0.357489 0.699659 0.240973 0.142059
3 0.61534 0.877011 0.258922 0.144345
3 0.15186 0.622969 0.222201 0.119766
3 0.356645 0.485697 0.185869 0.0926849
3 0.744117 0.492411 0.229169 0.116128
3 0.120447 0.742106 0.240895 0.126965
3 0.375705 0.861731 0.24237 0.172403
3 0.539446 0.506569 0.207458 0.110938
3 0.132964 0.876372 0.260779 0.152165
